-10000.00 -10000.00
-1524.45 -1524.45
-1524.45 -1524.45
-1524.45 -1524.45
-1524.45 -1524.45
-1524.45 -1524.45
-1524.45 -1524.45
-1524.45 -1524.45
-1524.45 -1524.45
-1524.45 -1524.45
-1524.45 -1524.45
-1524.45 -1524.45
-1524.45 -1524.45
-1524.45 -1524.45
-1524.45 -1524.45
-1524.45 -1524.45
-1524.45 -1524.45
-1524.45 -1524.45
-1524.45 -1524.45
-1524.45 -1524.45
-1524.45 -1524.45
-1524.45 -1524.45
-1524.45 -1524.45
-1524.45 -1524.45
-1524.45 -1524.45
-1524.45 -1524.45
-1524.45 -1524.45
-1524.45 -1524.45
-1524.45 -1524.45
-1524.45 -1524.45
-1524.45 -1524.45
-1524.45 -1524.45
-1524.45 -1524.45
