-10000.00 -10000.00
-1524.45 -1524.45
-1524.45 -1524.45
-1524.45 -1524.45
-1524.45 -1524.45
-1524.45 -1524.45
-1524.45 -1524.45
-1510.06 -1510.06
-1524.45 -1524.45
-1524.45 -1524.45
-1524.45 -1524.45
-1524.45 -1524.45
-1524.45 -1524.45
-1524.45 -1524.45
-1524.45 -1524.45
-1524.45 -1524.45
-1524.45 -1524.45
-1524.45 -1524.45
-1524.45 -1524.45
-1524.45 -1524.45
-1524.45 -1524.45
-1524.45 -1524.45
-1524.45 -1524.45
-1524.45 -1524.45
-1524.45 -1524.45
-1524.45 -1524.45
-1524.45 -1524.45
-1524.45 -1524.45
-1524.45 -1524.45
-1524.45 -1524.45
-1524.45 -1524.45
-1524.45 -1524.45
-1524.45 -1524.45
