
Chain Temp: 1.0
	Samples: 33
	Initial proposed vector
	[ 0.00423255  0.00388179  0.0004533   0.00485986  0.00392912  0.00134919
  0.00495413  0.00499039  0.00398423  0.00498552  0.00499979  0.00464544
  0.29128088  0.16330965  0.1321384   0.2964164   0.23580713  0.18170557
  0.29871508  0.24575373  0.21066895  0.2995482   0.25320179  0.26842079
 -0.01829518 -0.05143984  0.06151258]
Chain Temp: 2.0
	Samples: 33
	Initial proposed vector
	[ 1.73569821e-03  2.69104587e-03  2.39781650e-05  2.47606253e-03
  3.87569622e-03  2.54925425e-03  4.99238800e-03  4.36935299e-03
  4.21560915e-03  4.99979100e-03  4.56136524e-03  4.82404587e-03
  5.29010195e-02  2.72142380e-01  2.07377096e-03  1.74176874e-01
  2.83160894e-01  2.62396587e-01  2.36840422e-01  2.87669032e-01
  2.83692369e-01  2.98244182e-01  2.99285503e-01  2.97829772e-01
 -1.20756360e-02 -5.33808866e-02  4.18974985e-03]
Chain Temp: 1.31950791077
	Samples: 33
	Initial proposed vector
	[ 1.34837856e-03  2.99219174e-04  3.64522381e-04  1.58187814e-03
  4.33929964e-03  5.16237941e-04  4.63627316e-03  4.35981417e-03
  2.81950458e-03  4.79249094e-03  4.67895897e-03  4.05246524e-03
  1.17945964e-01  1.02303912e-01  2.35150471e-01  2.92335854e-01
  2.97912970e-01  2.74527329e-01  2.93701668e-01  2.99499844e-01
  2.92228091e-01  2.96790563e-01  2.99562133e-01  2.94860034e-01
 -1.38327884e-01 -1.00829713e-01  1.17190835e-01]
Chain Temp: 1.74110112659
	Samples: 33
	Initial proposed vector
	[ 0.00349099  0.00309043  0.00396003  0.00427337  0.00488362  0.00489
  0.00482261  0.00497607  0.00499352  0.00483221  0.00499614  0.00499396
  0.05127185  0.11473614  0.24929948  0.09952783  0.28096604  0.25166026
  0.23825856  0.29201309  0.29531621  0.24701604  0.29493173  0.29569195
 -0.10305077 -0.00213259  0.04279255]
Chain Temp: 1.51571656651
	Samples: 33
	Initial proposed vector
	[ 4.09949434e-03  8.78173014e-05  2.89062576e-03  4.18322964e-03
  4.15773531e-04  3.20701265e-03  4.22958116e-03  1.10577021e-03
  4.42622627e-03  4.71801250e-03  1.98517063e-03  4.54264550e-03
  2.07421402e-01  6.12440963e-02  3.16971751e-02  2.29679064e-01
  1.90744544e-01  1.81368787e-01  2.35696439e-01  2.08750276e-01
  2.15604424e-01  2.41371284e-01  2.80190067e-01  2.84094313e-01
 -1.27863078e-01 -1.04710610e-01  1.07033470e-01]
Chain Temp: 1.148698355
	Samples: 33
	Initial proposed vector
	[ 0.00047417  0.0047292   0.00436447  0.00419415  0.00492386  0.00451289
  0.00441994  0.00493179  0.00468571  0.00473311  0.00498907  0.0047781
  0.26022239  0.0760265   0.16260263  0.29732295  0.21052973  0.17041155
  0.29932102  0.259634    0.25644556  0.299954    0.28002924  0.2942073
 -0.07972884 -0.03201317  0.04044142]