-1524.45000 -1524.45000
-1524.45000 -1524.45000
-1524.45000 -1524.45000
-1524.45000 -1524.45000
-1524.45000 -1524.45000
-1524.45000 -1524.45000
-1524.45000 -1524.45000
-1524.45000 -1524.45000
-1524.45000 -1524.45000
-1524.45000 -1524.45000
-1524.45000 -1524.45000
-1524.45000 -1524.45000
-1524.45000 -1524.45000
-1524.45000 -1524.45000
-1524.45000 -1524.45000
-1524.45000 -1524.45000
-1524.45000 -1524.45000
-1524.45000 -1524.45000
-1524.45000 -1524.45000
-1524.45000 -1524.45000
-1524.45000 -1524.45000
-1524.45000 -1524.45000
-1524.45000 -1524.45000
-1524.45000 -1524.45000
-1524.45000 -1524.45000
-1524.45000 -1524.45000
-1524.45000 -1524.45000
-1524.45000 -1524.45000
-1524.45000 -1524.45000
-1524.45000 -1524.45000
-1524.45000 -1524.45000
-1524.45000 -1524.45000
-1524.45000 -1524.45000
-1524.45000 -1524.45000
-1524.45000 -1524.45000
-1524.45000 -1524.45000
-1524.45000 -1524.45000
-1524.45000 -1524.45000
-1524.45000 -1524.45000
-1524.45000 -1524.45000
-1524.45000 -1524.45000
-1524.45000 -1524.45000
-1524.45000 -1524.45000
-1524.45000 -1524.45000
-1524.45000 -1524.45000
-1524.45000 -1524.45000
-1524.45000 -1524.45000
-1524.45000 -1524.45000
-1524.45000 -1524.45000
-1524.45000 -1524.45000
-1524.45000 -1524.45000
-1524.45000 -1524.45000
-1524.45000 -1524.45000
-1524.45000 -1524.45000
-1524.45000 -1524.45000
-1524.45000 -1524.45000
-1524.45000 -1524.45000
-1524.45000 -1524.45000
-1524.45000 -1524.45000
-1524.45000 -1524.45000
-1524.45000 -1524.45000
-1524.45000 -1524.45000
-1524.45000 -1524.45000
-1524.45000 -1524.45000
-1524.45000 -1524.45000
-1524.45000 -1524.45000
-1524.45000 -1524.45000
-1524.45000 -1524.45000
-1524.45000 -1524.45000
-1524.45000 -1524.45000
-1524.45000 -1524.45000
-1524.45000 -1524.45000
-1524.45000 -1524.45000
-1524.45000 -1524.45000
-1524.45000 -1524.45000
-1524.45000 -1524.45000
-1524.45000 -1524.45000
-1524.45000 -1524.45000
-1524.45000 -1524.45000
-1524.45000 -1524.45000
-1524.45000 -1524.45000
-1524.45000 -1524.45000
-1524.45000 -1524.45000
-1524.45000 -1524.45000
-1524.45000 -1524.45000
-1524.45000 -1524.45000
-1510.06000 -1510.06000
-1524.45000 -1524.45000
-1524.45000 -1524.45000
-1524.45000 -1524.45000
-1524.45000 -1524.45000
-1524.45000 -1524.45000
-1524.45000 -1524.45000
-1524.45000 -1524.45000
-1519.66000 -1519.66000
-1524.45000 -1524.45000
-1524.45000 -1524.45000
-1524.45000 -1524.45000
-1524.45000 -1524.45000
-1524.45000 -1524.45000
-1524.45000 -1524.45000
-1524.45000 -1524.45000
-1524.45000 -1524.45000
-1524.45000 -1524.45000
-1524.45000 -1524.45000
-1524.45000 -1524.45000
-1524.45000 -1524.45000
-1524.45000 -1524.45000
-1524.45000 -1524.45000
-1524.45000 -1524.45000
-1524.45000 -1524.45000
-1524.45000 -1524.45000
-1524.45000 -1524.45000
-1524.45000 -1524.45000
-1524.45000 -1524.45000
-1524.45000 -1524.45000
-1524.45000 -1524.45000
-1524.45000 -1524.45000
-1524.45000 -1524.45000
-1524.45000 -1524.45000
-1524.45000 -1524.45000
-1524.45000 -1524.45000
-1524.45000 -1524.45000
-1524.45000 -1524.45000
-1524.45000 -1524.45000
-1524.45000 -1524.45000
-1524.45000 -1524.45000
-1524.45000 -1524.45000
-1524.45000 -1524.45000
-1524.45000 -1524.45000
-1524.45000 -1524.45000
-1524.45000 -1524.45000
-1524.45000 -1524.45000
-1524.45000 -1524.45000
-1524.45000 -1524.45000
-1524.45000 -1524.45000
-1510.06000 -1510.06000
-1524.45000 -1524.45000
-1524.45000 -1524.45000
-1524.45000 -1524.45000
-1524.45000 -1524.45000
-1524.45000 -1524.45000
-1524.45000 -1524.45000
-1524.45000 -1524.45000
-1524.45000 -1524.45000
-1524.45000 -1524.45000
-1524.45000 -1524.45000
-1524.45000 -1524.45000
-1524.45000 -1524.45000
-1524.45000 -1524.45000
-1524.45000 -1524.45000
-1524.45000 -1524.45000
-1524.45000 -1524.45000
-1524.45000 -1524.45000
-1524.45000 -1524.45000
-1524.45000 -1524.45000
-1524.45000 -1524.45000
-1524.45000 -1524.45000
-1524.45000 -1524.45000
-1524.45000 -1524.45000
-1524.45000 -1524.45000
-1524.45000 -1524.45000
