0.0 -5.000 
10.0 -4.950 
20.0 -4.900 
30.0 -4.850 
40.0 -4.800 
50.0 -4.750 
60.0 -4.700 
70.0 -4.650 
80.0 -4.600 
90.0 -4.550 
100.0 -4.500 
110.0 -4.450 
120.0 -4.400 
130.0 -4.350 
140.0 -4.300 
150.0 -4.250 
160.0 -4.200 
170.0 -4.150 
180.0 -4.100 
190.0 -4.050 
200.0 -4.000 
210.0 -3.950 
220.0 -3.900 
230.0 -3.850 
240.0 -3.800 
250.0 -3.750 
260.0 -3.700 
270.0 -3.650 
280.0 -3.600 
290.0 -3.550 
300.0 -3.500 
310.0 -3.450 
320.0 -3.400 
330.0 -3.350 
340.0 -3.300 
350.0 -3.250 
360.0 -3.200 
370.0 -3.150 
380.0 -3.100 
390.0 -3.050 
400.0 -3.000 
410.0 -2.933 
420.0 -2.867 
430.0 -2.800 
440.0 -2.733 
450.0 -2.667 
460.0 -2.600 
470.0 -2.533 
480.0 -2.467 
490.0 -2.400 
500.0 -2.333 
510.0 -2.267 
520.0 -2.200 
530.0 -2.133 
540.0 -2.067 
550.0 -2.000 
560.0 -1.917 
570.0 -1.833 
580.0 -1.750 
590.0 -1.667 
600.0 -1.583 
610.0 -1.500 
620.0 -1.417 
630.0 -1.333 
640.0 -1.250 
650.0 -1.167 
660.0 -1.083 
670.0 -1.000 
680.0 -0.923 
690.0 -0.846 
700.0 -0.769 
710.0 -0.692 
720.0 -0.615 
730.0 -0.538 
740.0 -0.462 
750.0 -0.385 
760.0 -0.308 
770.0 -0.231 
780.0 -0.154 
790.0 -0.077 
800.0 0.000 
810.0 0.050 
820.0 0.100 
830.0 0.150 
840.0 0.200 
850.0 0.250 
860.0 0.300 
870.0 0.350 
880.0 0.400 
890.0 0.450 
900.0 0.500 
910.0 0.550 
920.0 0.600 
930.0 0.650 
940.0 0.700 
950.0 0.750 
960.0 0.800 
970.0 0.850 
980.0 0.900 
990.0 0.950 
1000.0 1.000 
1010.0 1.050 
1020.0 1.100 
1030.0 1.150 
1040.0 1.200 
1050.0 1.250 
1060.0 1.300 
1070.0 1.350 
1080.0 1.400 
1090.0 1.450 
1100.0 1.500 
1110.0 1.500 
1120.0 1.500 
1130.0 1.500 
1140.0 1.500 
1150.0 1.500 
1160.0 1.500 
1170.0 1.500 
1180.0 1.500 
1190.0 1.500 
1200.0 1.500 
1210.0 1.500 
1220.0 1.500 
1230.0 1.500 
1240.0 1.500 
1250.0 1.500 
1260.0 1.500 
1270.0 1.500 
1280.0 1.500 
1290.0 1.500 
1300.0 1.500 
1310.0 1.500 
1320.0 1.500 
1330.0 1.500 
1340.0 1.500 
1350.0 1.500 
1360.0 1.500 
1370.0 1.500 
1380.0 1.500 
1390.0 1.500 
1400.0 1.500 
1410.0 1.500 
1420.0 1.500 
1430.0 1.500 
1440.0 1.500 
1450.0 1.500 
1460.0 1.500 
1470.0 1.500 
1480.0 1.500 
1490.0 1.500 
1500.0 1.500 
1510.0 1.500 
1520.0 1.500 
1530.0 1.500 
1540.0 1.500 
1550.0 1.500 
1560.0 1.500 
1570.0 1.500 
1580.0 1.500 
1590.0 1.500 
1600.0 1.500 
1610.0 1.500 
1620.0 1.500 
1630.0 1.500 
1640.0 1.500 
1650.0 1.500 
1660.0 1.500 
1670.0 1.500 
1680.0 1.500 
1690.0 1.500 
1700.0 1.500 
1710.0 1.500 
1720.0 1.500 
1730.0 1.500 
1740.0 1.500 
1750.0 1.500 
1760.0 1.500 
1770.0 1.500 
1780.0 1.500 
1790.0 1.500 
1800.0 1.500 
1810.0 1.500 
1820.0 1.500 
1830.0 1.500 
1840.0 1.500 
1850.0 1.500 
1860.0 1.500 
1870.0 1.500 
1880.0 1.500 
1890.0 1.500 
1900.0 1.500 
1910.0 1.500 
1920.0 1.500 
1930.0 1.500 
1940.0 1.500 
1950.0 1.500 
1960.0 1.500 
1970.0 1.500 
1980.0 1.500 
1990.0 1.500 
2000.0 1.500 
2010.0 1.500 
2020.0 1.500 
2030.0 1.500 
2040.0 1.500 
2050.0 1.500 
2060.0 1.500 
2070.0 1.500 
2080.0 1.500 
2090.0 1.500 
2100.0 1.500 
2110.0 1.500 
2120.0 1.500 
2130.0 1.500 
2140.0 1.500 
2150.0 1.500 
2160.0 1.500 
2170.0 1.500 
2180.0 1.500 
2190.0 1.500 
2200.0 1.500 
2210.0 1.500 
2220.0 1.500 
2230.0 1.500 
2240.0 1.500 
2250.0 1.500 
2260.0 1.500 
2270.0 1.500 
2280.0 1.500 
2290.0 1.500 
2300.0 1.500 
2310.0 1.500 
2320.0 1.500 
2330.0 1.500 
2340.0 1.500 
2350.0 1.500 
2360.0 1.500 
2370.0 1.500 
2380.0 1.500 
2390.0 1.500 
2400.0 1.500 
2410.0 1.500 
2420.0 1.500 
2430.0 1.500 
2440.0 1.500 
2450.0 1.500 
2460.0 1.500 
2470.0 1.500 
2480.0 1.500 
2490.0 1.500 
2500.0 1.500 
2510.0 1.500 
2520.0 1.499 
2530.0 1.498 
2540.0 1.498 
2550.0 1.498 
2560.0 1.497 
2570.0 1.496 
2580.0 1.496 
2590.0 1.496 
2600.0 1.495 
2610.0 1.494 
2620.0 1.494 
2630.0 1.494 
2640.0 1.493 
2650.0 1.492 
2660.0 1.492 
2670.0 1.492 
2680.0 1.491 
2690.0 1.490 
2700.0 1.490 
2710.0 1.490 
2720.0 1.489 
2730.0 1.488 
2740.0 1.488 
2750.0 1.488 
2760.0 1.487 
2770.0 1.486 
2780.0 1.486 
2790.0 1.486 
2800.0 1.485 
2810.0 1.484 
2820.0 1.484 
2830.0 1.484 
2840.0 1.483 
2850.0 1.482 
2860.0 1.482 
2870.0 1.482 
2880.0 1.481 
2890.0 1.480 
2900.0 1.480 
2910.0 1.480 
2920.0 1.479 
2930.0 1.478 
2940.0 1.478 
2950.0 1.478 
2960.0 1.477 
2970.0 1.476 
2980.0 1.476 
2990.0 1.476 
3000.0 1.475 
3010.0 1.474 
3020.0 1.474 
3030.0 1.474 
3040.0 1.473 
3050.0 1.472 
3060.0 1.472 
3070.0 1.472 
3080.0 1.471 
3090.0 1.470 
3100.0 1.470 
3110.0 1.470 
3120.0 1.469 
3130.0 1.468 
3140.0 1.468 
3150.0 1.468 
3160.0 1.467 
3170.0 1.466 
3180.0 1.466 
3190.0 1.466 
3200.0 1.465 
3210.0 1.464 
3220.0 1.464 
3230.0 1.464 
3240.0 1.463 
3250.0 1.462 
3260.0 1.462 
3270.0 1.462 
3280.0 1.461 
3290.0 1.460 
3300.0 1.460 
3310.0 1.460 
3320.0 1.459 
3330.0 1.458 
3340.0 1.458 
3350.0 1.458 
3360.0 1.457 
3370.0 1.456 
3380.0 1.456 
3390.0 1.456 
3400.0 1.455 
3410.0 1.454 
3420.0 1.454 
3430.0 1.454 
3440.0 1.453 
3450.0 1.452 
3460.0 1.452 
3470.0 1.452 
3480.0 1.451 
3490.0 1.450 
3500.0 1.450 
3510.0 1.454 
3520.0 1.457 
3530.0 1.460 
3540.0 1.464 
3550.0 1.468 
3560.0 1.471 
3570.0 1.474 
3580.0 1.478 
3590.0 1.482 
3600.0 1.485 
3610.0 1.488 
3620.0 1.492 
3630.0 1.495 
3640.0 1.499 
3650.0 1.502 
3660.0 1.506 
3670.0 1.510 
3680.0 1.513 
3690.0 1.516 
3700.0 1.520 
3710.0 1.523 
3720.0 1.527 
3730.0 1.530 
3740.0 1.534 
3750.0 1.538 
3760.0 1.541 
3770.0 1.544 
3780.0 1.548 
3790.0 1.551 
3800.0 1.555 
3810.0 1.558 
3820.0 1.562 
3830.0 1.565 
3840.0 1.569 
3850.0 1.573 
3860.0 1.576 
3870.0 1.579 
3880.0 1.583 
3890.0 1.587 
3900.0 1.590 
3910.0 1.593 
3920.0 1.597 
3930.0 1.601 
3940.0 1.604 
3950.0 1.607 
3960.0 1.611 
3970.0 1.615 
3980.0 1.618 
3990.0 1.621 
4000.0 1.625 
4010.0 1.629 
4020.0 1.632 
4030.0 1.635 
4040.0 1.639 
4050.0 1.643 
4060.0 1.646 
4070.0 1.649 
4080.0 1.653 
4090.0 1.657 
4100.0 1.660 
4110.0 1.663 
4120.0 1.667 
4130.0 1.671 
4140.0 1.674 
4150.0 1.677 
4160.0 1.681 
4170.0 1.685 
4180.0 1.688 
4190.0 1.692 
4200.0 1.695 
4210.0 1.699 
4220.0 1.702 
4230.0 1.706 
4240.0 1.709 
4250.0 1.712 
4260.0 1.716 
4270.0 1.720 
4280.0 1.723 
4290.0 1.726 
4300.0 1.730 
4310.0 1.734 
4320.0 1.737 
4330.0 1.740 
4340.0 1.744 
4350.0 1.748 
4360.0 1.751 
4370.0 1.754 
4380.0 1.758 
4390.0 1.762 
4400.0 1.765 
4410.0 1.768 
4420.0 1.772 
4430.0 1.776 
4440.0 1.779 
4450.0 1.782 
4460.0 1.786 
4470.0 1.790 
4480.0 1.793 
4490.0 1.796 
4500.0 1.800 
4510.0 1.795 
4520.0 1.790 
4530.0 1.785 
4540.0 1.780 
4550.0 1.775 
4560.0 1.770 
4570.0 1.765 
4580.0 1.760 
4590.0 1.755 
4600.0 1.750 
4610.0 1.745 
4620.0 1.740 
4630.0 1.735 
4640.0 1.730 
4650.0 1.725 
4660.0 1.720 
4670.0 1.715 
4680.0 1.710 
4690.0 1.705 
4700.0 1.700 
4710.0 1.695 
4720.0 1.690 
4730.0 1.685 
4740.0 1.680 
4750.0 1.675 
4760.0 1.670 
4770.0 1.665 
4780.0 1.660 
4790.0 1.655 
4800.0 1.650 
4810.0 1.645 
4820.0 1.640 
4830.0 1.635 
4840.0 1.630 
4850.0 1.625 
4860.0 1.620 
4870.0 1.615 
4880.0 1.610 
4890.0 1.605 
4900.0 1.600 
4910.0 1.595 
4920.0 1.590 
4930.0 1.585 
4940.0 1.580 
4950.0 1.575 
4960.0 1.570 
4970.0 1.565 
4980.0 1.560 
4990.0 1.555 
5000.0 1.550 
5010.0 1.545 
5020.0 1.540 
5030.0 1.535 
5040.0 1.530 
5050.0 1.525 
5060.0 1.520 
5070.0 1.515 
5080.0 1.510 
5090.0 1.505 
5100.0 1.500 
5110.0 1.495 
5120.0 1.490 
5130.0 1.485 
5140.0 1.480 
5150.0 1.475 
5160.0 1.470 
5170.0 1.465 
5180.0 1.460 
5190.0 1.455 
5200.0 1.450 
5210.0 1.445 
5220.0 1.440 
5230.0 1.435 
5240.0 1.430 
5250.0 1.425 
5260.0 1.420 
5270.0 1.415 
5280.0 1.410 
5290.0 1.405 
5300.0 1.400 
5310.0 1.395 
5320.0 1.390 
5330.0 1.385 
5340.0 1.380 
5350.0 1.375 
5360.0 1.370 
5370.0 1.365 
5380.0 1.360 
5390.0 1.355 
5400.0 1.350 
5410.0 1.345 
5420.0 1.340 
5430.0 1.335 
5440.0 1.330 
5450.0 1.325 
5460.0 1.320 
5470.0 1.315 
5480.0 1.310 
5490.0 1.305 
5500.0 1.300 
5510.0 1.301 
5520.0 1.302 
5530.0 1.303 
5540.0 1.304 
5550.0 1.305 
5560.0 1.306 
5570.0 1.307 
5580.0 1.308 
5590.0 1.309 
5600.0 1.310 
5610.0 1.311 
5620.0 1.312 
5630.0 1.313 
5640.0 1.314 
5650.0 1.315 
5660.0 1.316 
5670.0 1.317 
5680.0 1.318 
5690.0 1.319 
5700.0 1.320 
5710.0 1.321 
5720.0 1.322 
5730.0 1.323 
5740.0 1.324 
5750.0 1.325 
5760.0 1.326 
5770.0 1.327 
5780.0 1.328 
5790.0 1.329 
5800.0 1.330 
5810.0 1.331 
5820.0 1.332 
5830.0 1.333 
5840.0 1.334 
5850.0 1.335 
5860.0 1.336 
5870.0 1.337 
5880.0 1.338 
5890.0 1.339 
5900.0 1.340 
5910.0 1.341 
5920.0 1.342 
5930.0 1.343 
5940.0 1.344 
5950.0 1.345 
5960.0 1.346 
5970.0 1.347 
5980.0 1.348 
5990.0 1.349 
6000.0 1.350 
6010.0 1.351 
6020.0 1.352 
6030.0 1.353 
6040.0 1.354 
6050.0 1.355 
6060.0 1.356 
6070.0 1.357 
6080.0 1.358 
6090.0 1.359 
6100.0 1.360 
6110.0 1.361 
6120.0 1.362 
6130.0 1.363 
6140.0 1.364 
6150.0 1.365 
6160.0 1.366 
6170.0 1.367 
6180.0 1.368 
6190.0 1.369 
6200.0 1.370 
6210.0 1.371 
6220.0 1.372 
6230.0 1.373 
6240.0 1.374 
6250.0 1.375 
6260.0 1.376 
6270.0 1.377 
6280.0 1.378 
6290.0 1.379 
6300.0 1.380 
6310.0 1.381 
6320.0 1.382 
6330.0 1.383 
6340.0 1.384 
6350.0 1.385 
6360.0 1.386 
6370.0 1.387 
6380.0 1.388 
6390.0 1.389 
6400.0 1.390 
6410.0 1.391 
6420.0 1.392 
6430.0 1.393 
6440.0 1.394 
6450.0 1.395 
6460.0 1.396 
6470.0 1.397 
6480.0 1.398 
6490.0 1.399 
6500.0 1.400 
6510.0 1.391 
6520.0 1.382 
6530.0 1.373 
6540.0 1.364 
6550.0 1.355 
6560.0 1.346 
6570.0 1.337 
6580.0 1.328 
6590.0 1.319 
6600.0 1.310 
6610.0 1.301 
6620.0 1.292 
6630.0 1.283 
6640.0 1.274 
6650.0 1.265 
6660.0 1.256 
6670.0 1.247 
6680.0 1.238 
6690.0 1.229 
6700.0 1.220 
6710.0 1.211 
6720.0 1.202 
6730.0 1.193 
6740.0 1.184 
6750.0 1.175 
6760.0 1.166 
6770.0 1.157 
6780.0 1.148 
6790.0 1.139 
6800.0 1.130 
6810.0 1.121 
6820.0 1.112 
6830.0 1.103 
6840.0 1.094 
6850.0 1.085 
6860.0 1.076 
6870.0 1.067 
6880.0 1.058 
6890.0 1.049 
6900.0 1.040 
6910.0 1.031 
6920.0 1.022 
6930.0 1.013 
6940.0 1.004 
6950.0 0.995 
6960.0 0.986 
6970.0 0.977 
6980.0 0.968 
6990.0 0.959 
7000.0 0.950 
7010.0 0.941 
7020.0 0.932 
7030.0 0.923 
7040.0 0.914 
7050.0 0.905 
7060.0 0.896 
7070.0 0.887 
7080.0 0.878 
7090.0 0.869 
7100.0 0.860 
7110.0 0.851 
7120.0 0.842 
7130.0 0.833 
7140.0 0.824 
7150.0 0.815 
7160.0 0.806 
7170.0 0.797 
7180.0 0.788 
7190.0 0.779 
7200.0 0.770 
7210.0 0.761 
7220.0 0.752 
7230.0 0.743 
7240.0 0.734 
7250.0 0.725 
7260.0 0.716 
7270.0 0.707 
7280.0 0.698 
7290.0 0.689 
7300.0 0.680 
7310.0 0.671 
7320.0 0.662 
7330.0 0.653 
7340.0 0.644 
7350.0 0.635 
7360.0 0.626 
7370.0 0.617 
7380.0 0.608 
7390.0 0.599 
7400.0 0.590 
7410.0 0.581 
7420.0 0.572 
7430.0 0.563 
7440.0 0.554 
7450.0 0.545 
7460.0 0.536 
7470.0 0.527 
7480.0 0.518 
7490.0 0.509 
7500.0 0.500 
7510.0 0.495 
7520.0 0.490 
7530.0 0.485 
7540.0 0.480 
7550.0 0.475 
7560.0 0.470 
7570.0 0.465 
7580.0 0.460 
7590.0 0.455 
7600.0 0.450 
7610.0 0.445 
7620.0 0.440 
7630.0 0.435 
7640.0 0.430 
7650.0 0.425 
7660.0 0.420 
7670.0 0.415 
7680.0 0.410 
7690.0 0.405 
7700.0 0.400 
7710.0 0.395 
7720.0 0.390 
7730.0 0.385 
7740.0 0.380 
7750.0 0.375 
7760.0 0.370 
7770.0 0.365 
7780.0 0.360 
7790.0 0.355 
7800.0 0.350 
7810.0 0.345 
7820.0 0.340 
7830.0 0.335 
7840.0 0.330 
7850.0 0.325 
7860.0 0.320 
7870.0 0.315 
7880.0 0.310 
7890.0 0.305 
7900.0 0.300 
7910.0 0.295 
7920.0 0.290 
7930.0 0.285 
7940.0 0.280 
7950.0 0.275 
7960.0 0.270 
7970.0 0.265 
7980.0 0.260 
7990.0 0.255 
8000.0 0.250 
8010.0 0.245 
8020.0 0.240 
8030.0 0.235 
8040.0 0.230 
8050.0 0.225 
8060.0 0.220 
8070.0 0.215 
8080.0 0.210 
8090.0 0.205 
8100.0 0.200 
8110.0 0.195 
8120.0 0.190 
8130.0 0.185 
8140.0 0.180 
8150.0 0.175 
8160.0 0.170 
8170.0 0.165 
8180.0 0.160 
8190.0 0.155 
8200.0 0.150 
8210.0 0.145 
8220.0 0.140 
8230.0 0.135 
8240.0 0.130 
8250.0 0.125 
8260.0 0.120 
8270.0 0.115 
8280.0 0.110 
8290.0 0.105 
8300.0 0.100 
8310.0 0.095 
8320.0 0.090 
8330.0 0.085 
8340.0 0.080 
8350.0 0.075 
8360.0 0.070 
8370.0 0.065 
8380.0 0.060 
8390.0 0.055 
8400.0 0.050 
8410.0 0.045 
8420.0 0.040 
8430.0 0.035 
8440.0 0.030 
8450.0 0.025 
8460.0 0.020 
8470.0 0.015 
8480.0 0.010 
8490.0 0.005 
8500.0 0.000 
