6.938206787890129769e-310
7.218543046357616788e+01
7.218543046357616788e+01
7.218543046357616788e+01
7.218543046357616788e+01
7.218543046357616788e+01
7.218543046357616788e+01
7.218543046357616788e+01
7.218543046357616788e+01
7.218543046357616788e+01
7.218543046357616788e+01
7.218543046357616788e+01
7.218543046357616788e+01
7.218543046357616788e+01
7.218543046357616788e+01
7.218543046357616788e+01
7.218543046357616788e+01
7.218543046357616788e+01
7.218543046357616788e+01
7.218543046357616788e+01
7.218543046357616788e+01
7.218543046357616788e+01
7.218543046357616788e+01
7.218543046357616788e+01
7.218543046357616788e+01
7.218543046357616788e+01
7.218543046357616788e+01
7.218543046357616788e+01
7.218543046357616788e+01
7.218543046357616788e+01
7.218543046357616788e+01
7.218543046357616788e+01
7.218543046357616788e+01
