4.782555451743266548e-321
7.218543046357616788e+01
7.218543046357616788e+01
7.218543046357616788e+01
7.218543046357616788e+01
7.218543046357616788e+01
7.218543046357616788e+01
7.218543046357616788e+01
7.218543046357616788e+01
7.218543046357616788e+01
7.218543046357616788e+01
7.218543046357616788e+01
7.218543046357616788e+01
7.218543046357616788e+01
7.218543046357616788e+01
7.218543046357616788e+01
7.218543046357616788e+01
7.218543046357616788e+01
7.218543046357616788e+01
7.218543046357616788e+01
7.218543046357616788e+01
7.218543046357616788e+01
7.218543046357616788e+01
7.218543046357616788e+01
7.218543046357616788e+01
7.218543046357616788e+01
7.218543046357616788e+01
7.218543046357616788e+01
7.218543046357616788e+01
7.218543046357616788e+01
7.218543046357616788e+01
7.218543046357616788e+01
7.218543046357616788e+01
