-1.499999999999999944e-01 -1.333333333333333315e-01 -1.166666666666666685e-01 -9.999999999999999167e-02 -8.333333333333332871e-02 -6.666666666666666574e-02 -4.999999999999998890e-02 -3.333333333333332593e-02 -1.666666666666666297e-02 0.000000000000000000e+00
-1.499999999999999944e-01 -1.333333333333333315e-01 -1.166666666666666685e-01 -9.999999999999999167e-02 -8.333333333333332871e-02 -6.666666666666666574e-02 -4.999999999999998890e-02 -3.333333333333332593e-02 -1.666666666666666297e-02 0.000000000000000000e+00
-1.499999999999999944e-01 -1.333333333333333315e-01 -1.166666666666666685e-01 -9.999999999999999167e-02 -8.333333333333332871e-02 -6.666666666666666574e-02 -4.999999999999998890e-02 -3.333333333333332593e-02 -1.666666666666666297e-02 0.000000000000000000e+00
-1.499999999999999944e-01 -1.333333333333333315e-01 -1.166666666666666685e-01 -9.999999999999999167e-02 -8.333333333333332871e-02 -6.666666666666666574e-02 -4.999999999999998890e-02 -3.333333333333332593e-02 -1.666666666666666297e-02 0.000000000000000000e+00
-1.499999999999999944e-01 -1.333333333333333315e-01 -1.166666666666666685e-01 -9.999999999999999167e-02 -8.333333333333332871e-02 -6.666666666666666574e-02 -4.999999999999998890e-02 -3.333333333333332593e-02 -1.666666666666666297e-02 0.000000000000000000e+00
-1.499999999999999944e-01 -1.333333333333333315e-01 -1.166666666666666685e-01 -9.999999999999999167e-02 -8.333333333333332871e-02 -6.666666666666666574e-02 -4.999999999999998890e-02 -3.333333333333332593e-02 -1.666666666666666297e-02 0.000000000000000000e+00
-1.499999999999999944e-01 -1.333333333333333315e-01 -1.166666666666666685e-01 -9.999999999999999167e-02 -8.333333333333332871e-02 -6.666666666666666574e-02 -4.999999999999998890e-02 -3.333333333333332593e-02 -1.666666666666666297e-02 0.000000000000000000e+00
-1.499999999999999944e-01 -1.333333333333333315e-01 -1.166666666666666685e-01 -9.999999999999999167e-02 -8.333333333333332871e-02 -6.666666666666666574e-02 -4.999999999999998890e-02 -3.333333333333332593e-02 -1.666666666666666297e-02 0.000000000000000000e+00
-1.499999999999999944e-01 -1.333333333333333315e-01 -1.166666666666666685e-01 -9.999999999999999167e-02 -8.333333333333332871e-02 -6.666666666666666574e-02 -4.999999999999998890e-02 -3.333333333333332593e-02 -1.666666666666666297e-02 0.000000000000000000e+00
-1.499999999999999944e-01 -1.333333333333333315e-01 -1.166666666666666685e-01 -9.999999999999999167e-02 -8.333333333333332871e-02 -6.666666666666666574e-02 -4.999999999999998890e-02 -3.333333333333332593e-02 -1.666666666666666297e-02 0.000000000000000000e+00
