-1.326288313599568028e+03 -1.326288313599568028e+03 -1.326288313599568028e+03 -1.326288313599568028e+03 -1.326288313599568028e+03 -1.326288313599568028e+03 -1.326288313599568028e+03 -1.326288313599568028e+03 -1.326288313599568028e+03 -1.326288313599568028e+03
-6.249982599096438207e+02 -5.652010556514844666e+02 -5.059153524886165769e+02 -4.440208051024970928e+02 -3.713454297057523945e+02 -3.060872042650333924e+02 -2.500353272754760212e+02 -2.094683352571993282e+02 -1.942765759482788610e+02 -1.862994573382977421e+02
-3.319927336094364705e+02 -2.829307221491178552e+02 -2.508663969568671064e+02 -2.178288311518037119e+02 -1.834868120860721774e+02 -1.447460250591690567e+02 -1.068660104107174931e+02 -8.199325446383446092e+01 -8.387140057141157001e+01 -8.789436168362632884e+01
-2.300653130067811958e+02 -2.040899752419541642e+02 -1.783514862275973201e+02 -1.510762013766155292e+02 -1.237602330827827757e+02 -1.057885745297333671e+02 -6.741798430768079697e+01 -6.085010968273830656e+01 -6.441632168520760615e+01 -6.842362456062016918e+01
-1.777934352201934018e+02 -1.549823036596235966e+02 -1.328337514817717988e+02 -1.114165471725761449e+02 -9.076832324027481036e+01 -6.842470848106621872e+01 -5.055878419557058123e+01 -5.047803055661195515e+01 -5.429294883857105702e+01 -5.789197977901147851e+01
-2.198674617915427234e+02 -1.870431126183823949e+02 -1.635970592388462137e+02 -1.362772767808697267e+02 -1.082786988235056356e+02 -8.222745580508650676e+01 -5.158271201673141348e+01 -4.180572359082590594e+01 -4.545442701993358980e+01 -5.234063926674190270e+01
-2.896741452255045033e+02 -2.591636470860833583e+02 -2.330553513588546366e+02 -1.900319896961278232e+02 -1.534390663420163321e+02 -1.129954423069041525e+02 -7.598083872516606618e+01 -3.778027358038688988e+01 -4.122202089168042249e+01 -5.319464557241871461e+01
-2.513313621116773220e+02 -2.200470604433377844e+02 -1.929495319986091602e+02 -1.585959558295610918e+02 -1.275327117636030323e+02 -9.539570079041151018e+01 -5.852278440917733349e+01 -3.537655853646251103e+01 -4.089655265812940854e+01 -5.252741250203559531e+01
-2.542909870104500101e+02 -2.218248727781730452e+02 -1.961864000669931158e+02 -1.606561674774187622e+02 -1.277492140182994547e+02 -9.524027787839614234e+01 -5.748993301613032259e+01 -3.387513866541723218e+01 -4.015239639046863829e+01 -5.357237499519691681e+01
-2.368918745001462298e+02 -2.066408293686588991e+02 -1.818449404030488665e+02 -1.508911184529292768e+02 -1.186799515502631550e+02 -8.698749250053394633e+01 -5.383669457568745287e+01 -3.353800090601701811e+01 -3.996810900561007429e+01 -5.248370664031531874e+01
